TX: 11:28:30.035	7E A0 07 03 21 93 0F 01 7E
RX: 11:28:30.494	7E A0 1E 21 03 73 C3 7A 81 80 12 05 01 A0 06 01 A0 07 04 00 00 00 01 08 04 00 00 00 01 F2 C5 7E
TX: 11:28:30.498	7E A0 2B 03 21 10 FB AF E6 E6 00 60 1D A1 09 06 07 60 85 74 05 08 01 01 BE 10 04 0E 01 00 00 00 06 5F 1F 04 00 62 1E 5D FF FF 88 55 7E
RX: 11:28:31.069	7E A0 37 21 03 30 6C 7C E6 E7 00 61 29 A1 09 06 07 60 85 74 05 08 01 01 A2 03 02 01 00 A3 05 A1 03 02 01 00 BE 10 04 0E 08 00 06 5F 1F 04 00 00 18 1D 00 A0 00 07 21 C3 7E
TX: 11:28:31.072	7E A0 19 03 21 32 6F D8 E6 E6 00 C0 01 C1 00 0F 00 00 28 00 00 FF 02 00 91 53 7E
RX: 11:28:31.646	7E A0 3B 21 03 52 4C AB E6 E7 00 C4 02 C1 00 00 00 00 01 00 25 01 13 02 04 12 00 01 11 00 09 06 00 00 00 02 00 FF 02 02 01 02 02 03 0F 01 16 01 00 02 03 0F 02 16 01 00 01 00 B8 BF 7E
TX: 11:28:31.647	7E A0 13 03 21 54 F1 02 E6 E6 00 C0 02 C1 00 00 00 01 51 BE 7E
RX: 11:28:32.279	7E A0 5C 21 03 74 BD 21 E6 E7 00 C4 02 C1 00 00 00 00 02 00 46 02 04 12 00 01 11 00 09 06 00 00 00 02 01 FF 02 02 01 02 02 03 0F 01 16 01 00 02 03 0F 02 16 01 00 01 00 02 04 12 00 01 11 00 09 06 00 00 00 02 08 FF 02 02 01 02 02 03 0F 01 16 01 00 02 03 0F 02 16 01 00 01 00 D9 20 7E
TX: 11:28:32.279	7E A0 13 03 21 76 E1 00 E6 E6 00 C0 02 C1 00 00 00 02 CA 8C 7E
RX: 11:28:32.917	7E A0 6A 21 03 96 C9 E2 E6 E7 00 C4 02 C1 00 00 00 00 03 00 54 02 04 12 00 08 11 00 09 06 00 00 01 00 00 FF 02 02 01 09 02 03 0F 01 16 01 00 02 03 0F 02 16 01 00 02 03 0F 03 16 01 00 02 03 0F 04 16 01 00 02 03 0F 05 16 01 00 02 03 0F 06 16 01 00 02 03 0F 07 16 01 00 02 03 0F 08 16 01 00 02 03 0F 09 16 01 00 01 00 C1 35 7E
TX: 11:28:32.918	7E A0 13 03 21 98 91 0E E6 E6 00 C0 02 C1 00 00 00 03 43 9D 7E
RX: 11:28:33.589	7E A0 6A 21 03 B8 B5 2A E6 E7 00 C4 02 C1 00 00 00 00 04 00 54 02 04 12 00 0F 11 01 09 06 00 00 28 00 00 FF 02 02 01 09 02 03 0F 01 16 01 00 02 03 0F 02 16 01 00 02 03 0F 03 16 01 00 02 03 0F 04 16 01 00 02 03 0F 05 16 01 00 02 03 0F 06 16 01 00 02 03 0F 07 16 00 00 02 03 0F 08 16 01 00 02 03 0F 09 16 01 00 01 00 84 09 7E
TX: 11:28:33.590	7E A0 13 03 21 BA 81 0C E6 E6 00 C0 02 C1 00 00 00 04 FC E9 7E
RX: 11:28:34.203	7E A0 5C 21 03 DA C9 6D E6 E7 00 C4 02 C1 00 00 00 00 05 00 46 02 04 12 00 11 11 00 09 06 00 00 29 00 00 FF 02 02 01 02 02 03 0F 01 16 01 00 02 03 0F 02 16 01 00 01 00 02 04 12 00 01 11 00 09 06 00 00 2A 00 00 FF 02 02 01 02 02 03 0F 01 16 01 00 02 03 0F 02 16 01 00 01 00 41 B4 7E
TX: 11:28:34.204	7E A0 13 03 21 DC B1 0A E6 E6 00 C0 02 C1 00 00 00 05 75 F8 7E
RX: 11:28:34.871	7E A0 5C 21 03 FC FD 29 E6 E7 00 C4 02 C1 00 00 00 00 06 00 46 02 04 12 00 01 11 00 09 06 00 00 60 01 00 FF 02 02 01 02 02 03 0F 01 16 01 00 02 03 0F 02 16 01 00 01 00 02 04 12 00 01 11 00 09 06 00 00 60 01 01 FF 02 02 01 02 02 03 0F 01 16 01 00 02 03 0F 02 16 01 00 01 00 BD 82 7E
TX: 11:28:34.872	7E A0 13 03 21 FE A1 08 E6 E6 00 C0 02 C1 00 00 00 06 EE CA 7E
RX: 11:28:35.510	7E A0 5C 21 03 1E E1 ED E6 E7 00 C4 02 C1 00 00 00 00 07 00 46 02 04 12 00 01 11 00 09 06 00 00 60 01 03 FF 02 02 01 02 02 03 0F 01 16 01 00 02 03 0F 02 16 01 00 01 00 02 04 12 00 01 11 00 09 06 00 00 60 01 04 FF 02 02 01 02 02 03 0F 01 16 01 00 02 03 0F 02 16 01 00 01 00 CF 89 7E
TX: 11:28:35.511	7E A0 13 03 21 10 D1 06 E6 E6 00 C0 02 C1 00 00 00 07 67 DB 7E
RX: 11:28:36.168	7E A0 5C 21 03 30 9D 25 E6 E7 00 C4 02 C1 00 00 00 00 08 00 46 02 04 12 00 01 11 00 09 06 00 00 60 01 05 FF 02 02 01 02 02 03 0F 01 16 01 00 02 03 0F 02 16 01 00 01 00 02 04 12 00 01 11 00 09 06 00 00 60 01 06 FF 02 02 01 02 02 03 0F 01 16 01 00 02 03 0F 02 16 01 00 01 00 22 00 7E
TX: 11:28:36.169	7E A0 13 03 21 32 C1 04 E6 E6 00 C0 02 C1 00 00 00 08 90 23 7E
RX: 11:28:36.887	7E A0 5C 21 03 52 89 65 E6 E7 00 C4 02 C1 00 00 00 00 09 00 46 02 04 12 00 01 11 00 09 06 00 00 60 01 08 FF 02 02 01 02 02 03 0F 01 16 01 00 02 03 0F 02 16 01 00 01 00 02 04 12 00 01 11 00 09 06 00 01 60 01 01 FF 02 02 01 02 02 03 0F 01 16 01 00 02 03 0F 02 16 01 00 01 00 B8 27 7E
TX: 11:28:36.887	7E A0 13 03 21 54 F1 02 E6 E6 00 C0 02 C1 00 00 00 09 19 32 7E
RX: 11:28:37.519	7E A0 5C 21 03 74 BD 21 E6 E7 00 C4 02 C1 00 00 00 00 0A 00 46 02 04 12 00 01 11 00 09 06 01 00 00 00 00 FF 02 02 01 02 02 03 0F 01 16 01 00 02 03 0F 02 16 01 00 01 00 02 04 12 00 01 11 00 09 06 01 00 00 00 01 FF 02 02 01 02 02 03 0F 01 16 01 00 02 03 0F 02 16 01 00 01 00 C2 6D 7E
TX: 11:28:37.520	7E A0 13 03 21 76 E1 00 E6 E6 00 C0 02 C1 00 00 00 0A 82 00 7E
RX: 11:28:38.206	7E A0 5C 21 03 96 A1 E5 E6 E7 00 C4 02 C1 01 00 00 00 0B 00 46 02 04 12 00 01 11 00 09 06 01 00 00 00 02 FF 02 02 01 02 02 03 0F 01 16 01 00 02 03 0F 02 16 01 00 01 00 02 04 12 00 01 11 00 09 06 01 00 00 00 03 FF 02 02 01 02 02 03 0F 01 16 01 00 02 03 0F 02 16 01 00 01 00 B0 C7 7E
TX: 11:28:38.274	7E A0 19 03 21 98 3F D2 E6 E6 00 C0 01 C1 00 01 01 00 00 00 01 FF 02 00 78 B1 7E
RX: 11:28:38.795	7E A0 12 21 03 B8 28 95 E6 E7 00 C4 01 C1 00 0A 00 22 3C 7E
